v1_frame_000010 0.9966 1085.5386 416.0743 1122.3777 475.7536 1082.1644 500.5766 1045.3253 440.8974
v4_frame_000502 0.9999 981.1202 289.5020 986.2900 347.4508 898.0995 355.3185 892.9297 297.3697
v4_frame_000502 0.9998 616.7641 327.2051 616.7704 386.1701 530.4694 386.1794 530.4631 327.2144
v4_frame_000086 0.9836 361.8827 173.0233 326.5117 214.3871 187.2092 95.2669 222.5802 53.9030
v5_frame_000154 1.0000 1113.0362 193.8210 1119.8399 260.9042 959.8825 277.1273 953.0788 210.0441
v5_frame_000154 0.9995 583.9934 429.2462 616.0058 496.1078 533.8126 535.4608 501.8002 468.5992
v4_frame_000184 0.9991 836.7301 127.5505 761.6200 213.6291 714.5471 172.5544 789.6572 86.4758
v2_frame_004230 0.9938 384.3402 269.8713 368.3252 307.0503 284.1945 270.8106 300.2095 233.6316
v2_frame_004230 0.9073 355.1331 301.6699 349.3192 333.0474 258.8649 316.2872 264.6788 284.9098
v4_frame_000603 1.0000 381.7551 324.8905 373.6189 396.7594 248.6470 382.6115 256.7832 310.7426
v4_frame_000603 0.9937 923.3616 45.5517 964.2956 102.8334 854.5070 181.2892 813.5730 124.0074
v2_frame_002380 0.9983 831.1653 352.3145 834.9631 394.1811 774.0530 399.7064 770.2552 357.8397
v2_frame_002380 0.9937 349.8883 235.7358 342.1626 268.9210 247.5089 246.8852 255.2346 213.7000
v2_frame_001080 0.9998 683.3696 250.3140 684.9412 297.5960 642.8296 298.9958 641.2579 251.7138
v2_frame_001080 0.9877 654.8792 339.0793 632.8358 364.4811 593.9897 330.7710 616.0331 305.3692
v2_frame_003010 0.9973 645.8801 223.4514 646.0557 268.4093 609.1946 268.5532 609.0191 223.5953
v2_frame_003010 0.9781 612.5244 290.8896 589.2489 319.0001 544.0901 281.6086 567.3656 253.4981
v2_frame_005150 0.9961 383.3339 160.9597 365.2147 193.4160 278.9858 145.2775 297.1050 112.8212
v2_frame_005150 0.8745 351.9289 215.3059 336.1677 241.8946 272.8119 204.3386 288.5732 177.7499
v2_frame_003820 1.0000 463.3410 281.0147 443.2305 330.9171 361.0540 297.8003 381.1645 247.8979
v2_frame_003820 0.9954 467.5542 197.5027 466.9680 239.2622 410.7046 238.4725 411.2907 196.7129
v2_frame_004260 0.9929 359.3864 262.7330 348.7492 301.8499 258.2835 277.2493 268.9207 238.1324
v4_frame_000035 0.9982 435.0690 103.4549 445.5330 204.8254 333.5609 216.3837 323.0969 115.0133
v4_frame_000570 1.0000 348.4160 290.6893 335.7939 351.4068 203.1738 323.8376 215.7958 263.1200
v4_frame_000570 0.9997 870.2633 91.3055 831.2755 181.9322 768.9283 155.1103 807.9161 64.4836
v1_frame_001501 0.9977 1065.5732 246.1240 1077.2449 282.6009 972.5254 316.1086 960.8537 279.6317
v4_frame_000152 1.0000 472.5571 217.5112 515.3152 308.3336 426.9834 349.9191 384.2253 259.0967
v2_frame_003380 0.9993 572.2466 313.2216 549.2387 354.0882 496.8171 324.5749 519.8250 283.7083
v2_frame_003380 0.9897 633.9633 201.8523 634.3908 250.4913 602.1676 250.7746 601.7401 202.1355
v2_frame_003410 0.9956 597.1706 197.3430 614.2509 257.2808 584.2808 265.8213 567.2004 205.8835
v2_frame_003410 0.9946 546.8407 284.6442 568.8785 330.7105 528.6581 349.9517 506.6203 303.8853
v2_frame_002760 0.9973 619.2569 236.6373 649.2866 289.5045 616.0208 308.4003 585.9910 255.5330
v2_frame_002760 0.9846 694.4082 212.7879 694.2015 259.1956 661.1404 259.0483 661.3471 212.6407
v2_frame_005320 0.9995 431.6437 150.8663 416.5230 182.4238 328.4716 140.2343 343.5923 108.6768
v2_frame_005320 0.9859 397.8772 208.7687 381.6453 234.6703 323.7035 198.3595 339.9354 172.4580
v5_frame_000007 0.9998 705.1962 187.2976 716.0156 273.4613 646.5978 282.1780 635.7785 196.0142
v4_frame_000542 0.9997 585.5744 162.8957 597.9827 269.0510 527.2657 277.3170 514.8574 171.1616
v2_frame_000380 1.0000 474.1621 314.5493 474.0019 357.6209 404.3982 357.3621 404.5583 314.2905
v2_frame_000380 0.9971 346.9683 306.4312 347.3075 337.5780 256.8798 338.5627 256.5407 307.4159
v4_frame_000503 0.9999 613.4480 329.4786 613.3720 386.6377 531.2987 386.5286 531.3747 329.3695
v4_frame_000503 0.9998 978.0502 270.1227 986.6465 332.0542 898.3715 344.3071 889.7751 282.3756
v5_frame_000039 0.9972 994.9369 184.0123 1015.9957 227.4501 890.8285 288.1313 869.7698 244.6935
v5_frame_000160 1.0000 1106.1304 199.8491 1111.0998 268.3008 948.1599 280.1298 943.1905 211.6781
v5_frame_000160 1.0000 617.2941 415.0823 652.0759 491.7781 584.0810 522.6139 549.2993 445.9182
v4_frame_000293 1.0000 570.2418 323.7996 570.6079 385.7654 491.1291 386.2350 490.7630 324.2691
v2_frame_002460 0.9941 363.5869 236.1086 355.4580 269.5906 255.3573 245.2878 263.4862 211.8058
v2_frame_002460 0.9901 747.5360 321.4954 736.5816 383.3105 699.7408 376.7819 710.6952 314.9667
v2_frame_005330 0.9997 439.3816 151.1930 418.6154 186.3001 338.6608 139.0061 359.4270 103.8990
v2_frame_005330 0.9402 405.1076 206.4719 388.3908 228.8361 335.5662 189.3506 352.2830 166.9864
v1_frame_000200 0.9966 1086.5033 417.7628 1120.8806 476.4663 1079.5122 500.6919 1045.1349 441.9884
v2_frame_002920 0.9983 645.3017 221.6374 645.8271 266.3897 607.7673 266.8365 607.2419 222.0842
v2_frame_002920 0.9848 570.8785 250.6135 611.4295 296.1690 585.0980 319.6079 544.5470 274.0524
v4_frame_000392 0.9997 630.4450 146.7539 648.8047 249.7109 578.1389 262.3123 559.7791 159.3553
v4_frame_000392 0.9993 595.6946 355.6812 594.5912 387.2106 496.4434 383.7759 497.5468 352.2465
v5_frame_000040 0.9977 994.3923 184.5303 1015.8793 229.7536 894.0564 287.6355 872.5694 242.4122
v5_frame_000205 1.0000 1115.8801 201.7803 1122.5177 269.5433 962.1399 285.2528 955.5023 217.4898
v5_frame_000205 0.9994 644.2956 284.5672 608.8344 333.9860 522.9776 272.3781 558.4389 222.9592
v4_frame_000130 1.0000 262.4459 299.1045 266.9110 362.5076 124.1989 372.5579 119.7338 309.1548
v2_frame_001260 0.9986 754.3253 301.8283 753.4301 341.9765 691.5325 340.5963 692.4277 300.4481
v2_frame_001260 0.9941 741.0173 238.3171 755.7021 266.8500 708.0362 291.3819 693.3514 262.8490
v2_frame_002440 0.9998 779.1199 347.9476 778.8603 396.6664 719.6974 396.3512 719.9570 347.6324
v2_frame_002440 0.9914 348.9461 235.6633 341.2638 267.6568 250.2727 245.8078 257.9550 213.8144
v2_frame_002670 0.9980 681.0297 238.9513 681.5335 289.3482 637.0200 289.7932 636.5162 239.3964
v2_frame_002670 0.9615 749.1888 217.5485 722.5900 269.7975 694.7487 255.6241 721.3474 203.3751
v4_frame_000046 0.9934 373.9088 181.4412 338.3617 224.4362 185.6287 98.1606 221.1758 55.1656
v5_frame_000138 1.0000 683.3238 397.0527 709.9651 456.3875 634.8720 490.1042 608.2308 430.7693
v5_frame_000138 0.9999 1219.1426 222.3306 1219.6118 292.4804 1069.4472 293.4847 1068.9780 223.3349
v1_frame_000022 0.9861 1084.5983 417.4904 1121.5985 477.0415 1080.6743 502.4684 1043.6741 442.9173
v4_frame_000560 0.9997 870.4087 93.2542 830.0348 186.2695 766.9414 158.8833 807.3153 65.8680
v4_frame_000560 0.9993 411.4826 208.2136 379.5194 262.5191 258.9562 191.5579 290.9194 137.2524
v4_frame_000751 1.0000 463.6883 311.4285 459.3305 389.2208 355.7474 383.4182 360.1053 305.6259
v4_frame_000541 1.0000 598.6340 165.7951 611.5453 267.8527 528.8363 278.3163 515.9250 176.2586
v4_frame_000545 0.9996 513.2828 119.7973 607.7726 237.1269 557.7728 277.3935 463.2830 160.0639
v4_frame_000545 0.9713 863.8046 94.4332 809.5176 200.0977 747.0838 168.0212 801.3708 62.3567
v4_frame_000252 0.9996 541.7628 322.9841 499.4081 381.9896 416.9413 322.7944 459.2959 263.7888
v4_frame_000252 0.9994 976.9374 117.1987 1014.5598 167.1389 896.9295 255.7555 859.3071 205.8153
v2_frame_000260 1.0000 439.1844 326.0975 439.7073 378.2772 374.5605 378.9301 374.0375 326.7503
v2_frame_000260 0.9969 347.1433 307.2653 347.5377 337.8015 257.1683 338.9687 256.7739 308.4326
v2_frame_000260 0.8125 437.6914 340.9173 436.7165 397.3350 360.4476 396.0170 361.4226 339.5993
v2_frame_000550 0.9683 487.6540 302.2290 476.3834 332.3417 404.5312 305.4488 415.8017 275.3362
v2_frame_000550 0.8820 428.7717 301.0723 427.5625 330.5786 365.1455 328.0208 366.3547 298.5145
v2_frame_000820 0.9997 534.5996 310.0389 534.9653 355.1953 483.9814 355.6083 483.6157 310.4518
v2_frame_000820 0.9890 561.8554 276.4906 549.6214 305.5607 510.6742 289.1698 522.9083 260.0997
v5_frame_000157 1.0000 1108.1298 199.6911 1112.8209 265.9646 950.3523 277.4646 945.6613 211.1911
v5_frame_000157 0.9999 608.0508 429.6442 642.9524 502.2827 561.3499 541.4915 526.4482 468.8529
v5_frame_000185 1.0000 1093.5643 196.8573 1102.7701 279.6741 941.8927 297.5570 932.6869 214.7402
v5_frame_000185 1.0000 658.4602 292.3971 687.0643 366.1496 625.4804 390.0342 596.8764 316.2817
v2_frame_003220 0.9999 607.8758 210.8642 609.3933 260.7676 565.1429 262.1133 563.6253 212.2099
v2_frame_003220 0.9989 686.6892 211.5773 679.7567 266.6126 643.0944 261.9945 650.0269 206.9592
v2_frame_003220 0.8253 658.5923 314.3262 674.0055 360.9623 627.3740 376.3740 611.9608 329.7379
v2_frame_002570 0.9673 718.8648 340.9624 720.7413 380.0953 671.5855 382.4524 669.7090 343.3196
v2_frame_002570 0.9600 653.2716 225.1971 652.9975 277.6118 622.9581 277.4548 623.2322 225.0400
v2_frame_003350 0.9958 602.3860 303.3450 586.4438 357.7172 548.9516 346.7243 564.8938 292.3521
v2_frame_003350 0.9876 655.5729 195.7312 657.4284 255.0418 626.3574 256.0139 624.5018 196.7033
v2_frame_001610 0.9977 901.6938 318.1947 902.8723 358.6395 847.2600 360.2599 846.0815 319.8152
v2_frame_001610 0.9818 847.6529 228.4217 860.9828 249.4540 812.6618 280.0791 799.3318 259.0468
v4_frame_000095 1.0000 362.4895 178.8289 312.2869 238.8949 178.1383 126.7749 228.3410 66.7088
v4_frame_000095 0.9622 153.7654 308.1991 153.7498 352.4174 42.3678 352.3782 42.3833 308.1599
v2_frame_005020 0.9301 348.4523 183.4569 334.1537 216.5674 231.6606 172.3064 245.9592 139.1959
v1_frame_000224 0.9953 1138.3663 444.2876 1135.8504 490.1724 1063.4201 486.2011 1065.9360 440.3163
v2_frame_004620 0.9898 348.7193 299.9051 342.7906 329.7530 237.0310 308.7457 242.9598 278.8979
v2_frame_004620 0.8237 339.4306 240.7010 335.5989 272.1803 244.7030 261.1164 248.5346 229.6371
v4_frame_000618 1.0000 379.5971 326.4815 373.2269 394.0559 247.9878 382.2497 254.3580 314.6753
v4_frame_000170 1.0000 659.4190 105.8771 716.0874 194.8654 650.6035 236.5661 593.9351 147.5778
v2_frame_000650 0.9986 540.1942 338.0376 515.8822 393.3015 472.9510 374.4150 497.2631 319.1511
v2_frame_000650 0.9979 489.7005 279.8073 479.3824 309.7105 412.8683 286.7597 423.1865 256.8565
v4_frame_000289 1.0000 568.9345 322.7161 569.2567 386.5534 493.1049 386.9378 492.7826 323.1005
v4_frame_000426 1.0000 757.2954 326.3348 757.0163 386.0406 690.3925 385.7292 690.6716 326.0234
v4_frame_000426 0.9997 558.7127 350.6710 558.7146 386.1703 463.8806 386.1754 463.8787 350.6761
v4_frame_000437 1.0000 560.4651 346.9374 560.1916 386.3774 452.2059 385.6284 452.4794 346.1884
v4_frame_000437 0.9999 741.9115 284.2144 745.1787 384.3920 678.1325 386.5786 674.8653 286.4010
v2_frame_005170 0.9995 407.9088 161.9672 388.3311 198.0008 298.8656 149.3926 318.4433 113.3590
v2_frame_005170 0.9940 369.0867 210.1279 350.3781 237.2901 293.5834 198.1714 312.2919 171.0092
v4_frame_000669 1.0000 415.3498 314.3978 414.3348 387.6800 299.1425 386.0845 300.1575 312.8023
v5_frame_000020 0.9997 890.8247 150.1458 938.0496 206.2601 846.0768 283.6630 798.8519 227.5486
v4_frame_000604 1.0000 381.5829 326.6291 373.2338 396.9409 248.3958 382.1170 256.7449 311.8053
v4_frame_000604 0.9683 936.9246 38.4627 978.4370 87.6846 863.6880 184.4610 822.1755 135.2390
v2_frame_001420 0.9999 839.9189 296.2053 839.6944 336.7338 766.3478 336.3274 766.5723 295.7989
v2_frame_001420 0.9579 791.4356 239.7694 803.6001 262.2457 750.9319 290.7504 738.7674 268.2740
v4_frame_000107 0.9945 240.4549 243.2004 214.2726 299.3185 83.0941 238.1162 109.2764 181.9981
v4_frame_000655 1.0000 409.2323 322.6672 407.1812 390.0665 272.7982 385.9769 274.8494 318.5775
v2_frame_002080 0.9980 525.5727 345.0948 525.3014 380.6766 459.2062 380.1727 459.4774 344.5909
v2_frame_002080 0.9931 912.8031 374.3198 909.9945 413.3579 839.4843 408.2849 842.2930 369.2468
v5_frame_000106 0.9998 758.2900 479.2699 758.9060 590.9950 688.7509 591.3818 688.1349 479.6567
v5_frame_000166 1.0000 638.0264 410.1728 669.8350 477.5665 603.9518 508.6622 572.1431 441.2686
v5_frame_000166 1.0000 1098.7505 196.8237 1104.6818 267.1982 943.5921 280.7753 937.6608 210.4007
v2_frame_001430 0.9988 850.5084 315.9922 830.5495 357.1048 764.6557 325.1153 784.6147 284.0026
v2_frame_001430 0.9731 792.7071 236.2886 806.4070 258.4163 758.4875 288.0847 744.7876 265.9570
v4_frame_000657 1.0000 415.2485 319.4286 412.3134 391.8135 283.2317 386.5793 286.1668 314.1945
v4_frame_000401 0.9999 735.8405 206.7027 680.1149 258.2322 616.4846 189.4205 672.2102 137.8909
v4_frame_000401 0.9998 596.4790 354.8623 595.4766 386.8502 497.0152 383.7648 498.0176 351.7769
v4_frame_000591 1.0000 382.0802 328.0318 373.6351 398.3878 247.9235 383.2982 256.3685 312.9423
v4_frame_000591 0.9998 870.2714 91.0142 830.8043 182.4660 768.7589 155.6896 808.2259 64.2378
v2_frame_002500 0.9988 465.2940 240.4252 454.3397 271.1324 378.9698 244.2453 389.9241 213.5381
v2_frame_002500 0.9934 785.0000 341.3602 785.6690 387.4683 729.6905 388.2805 729.0214 342.1725
v4_frame_000348 1.0000 591.1949 319.2838 590.0774 382.5327 518.5915 381.2696 519.7090 318.0207
v4_frame_000348 0.9993 811.9504 143.2225 732.0641 239.1360 670.3674 187.7488 750.2538 91.8353
v2_frame_000130 0.9826 377.6633 314.4793 378.2421 346.4987 282.6878 348.2260 282.1090 316.2065
v5_frame_000022 0.9998 928.2766 158.5067 962.0497 213.7561 848.0571 283.4380 814.2840 228.1886
v4_frame_000652 1.0000 386.7338 324.5783 384.7149 390.3117 261.6970 386.5334 263.7159 320.8000
v5_frame_000254 0.9999 510.1375 263.7497 565.1952 331.7764 510.2652 376.2343 455.2075 308.2076
v5_frame_000254 0.9997 1021.1984 291.0271 1024.5465 364.3616 893.2034 370.3581 889.8553 297.0235
v4_frame_000389 1.0000 641.6562 149.6478 650.9758 244.9605 573.2456 252.5608 563.9260 157.2482
v4_frame_000389 0.9989 595.7141 355.9736 594.6640 387.5871 496.6169 384.3302 497.6670 352.7167
v4_frame_000128 1.0000 241.0086 300.4548 242.6549 361.7439 102.3967 365.5114 100.7504 304.2224
v4_frame_000556 1.0000 459.1218 183.9689 429.1058 244.5956 308.8331 185.0490 338.8492 124.4224
v4_frame_000556 0.9994 870.8265 104.2908 794.7987 212.7084 738.0621 172.9219 814.0900 64.5042
v2_frame_001040 0.9920 681.1779 266.6546 682.5086 305.4688 637.9257 306.9973 636.5950 268.1831
v2_frame_001040 0.9771 707.6926 328.0421 684.5217 374.9562 652.3704 359.0766 675.5413 312.1625
v2_frame_004890 0.9379 326.0853 217.1122 307.4713 246.6691 210.1458 185.3769 228.7597 155.8199
v4_frame_000262 1.0000 574.9902 319.8661 572.6890 386.7301 472.0813 383.2676 474.3825 316.4036
v4_frame_000262 0.9997 1013.0975 296.3505 1029.3107 353.3194 913.0802 386.3982 896.8671 329.4294
v4_frame_000142 1.0000 403.6279 282.2025 411.6626 361.6572 262.2062 376.7706 254.1715 297.3160
v2_frame_005580 0.9984 478.3346 89.9258 528.9939 156.4567 499.5205 178.8989 448.8612 112.3679
v2_frame_005580 0.9551 457.7767 156.2489 482.0583 197.6119 449.3567 216.8090 425.0750 175.4460
v2_frame_003590 1.0000 517.5440 270.3473 542.7217 331.0566 485.5359 354.7729 460.3583 294.0636
v2_frame_003590 0.9910 533.7469 187.7937 574.0020 235.0631 551.7885 253.9803 511.5334 206.7109
v5_frame_000125 1.0000 693.6572 382.6576 722.9784 441.0671 652.8405 476.2760 623.5192 417.8665
v2_frame_002300 0.9993 828.3593 358.5147 833.9102 398.2039 770.6850 407.0464 765.1341 367.3572
v2_frame_002300 0.9947 346.2667 219.1076 339.4047 249.4704 241.3944 227.3199 248.2564 196.9572
v2_frame_003200 0.9999 603.9011 209.3193 608.7667 261.3839 567.4887 265.2414 562.6231 213.1769
v2_frame_003200 0.9819 685.0621 202.0944 683.2644 259.2834 652.5954 258.3193 654.3931 201.1304
v1_frame_000266 0.9977 1198.2120 306.5932 1200.8331 346.8496 1082.9705 354.5239 1080.3494 314.2675
v2_frame_000400 0.9999 504.0722 315.9767 503.7612 361.1363 436.4011 360.6724 436.7122 315.5128
v2_frame_000400 0.9923 352.4993 305.0093 350.1428 333.0688 263.6683 325.8066 266.0248 297.7471
v4_frame_000278 0.9999 572.3528 322.0353 572.4748 386.6389 491.9548 386.7910 491.8328 322.1874
v4_frame_000110 0.9989 191.9726 258.5364 176.5615 307.4691 65.1882 272.3928 80.5993 223.4601
v4_frame_000561 1.0000 407.1884 213.7709 376.4895 274.5648 247.4311 209.3946 278.1300 148.6008
v4_frame_000561 0.9998 871.2365 92.1290 831.2699 185.5664 768.4919 158.7140 808.4584 65.2766
v4_frame_000011 0.9997 786.0970 90.0703 779.1426 219.5492 711.9269 215.9390 718.8813 86.4600
v2_frame_004960 0.9952 364.0356 195.7013 346.3354 230.1913 265.5081 188.7106 283.2084 154.2207
v2_frame_004240 0.9547 372.8149 270.5866 360.6408 312.2856 264.3066 284.1605 276.4807 242.4616
v5_frame_000191 1.0000 636.3468 229.8218 664.1305 294.1740 613.0176 316.2418 585.2338 251.8895
v5_frame_000191 1.0000 1093.4655 200.2670 1102.1077 274.2993 957.0743 291.2298 948.4321 217.1975
v2_frame_002770 0.9888 635.8648 240.7122 642.2029 282.7038 599.7361 289.1137 593.3979 247.1221
v2_frame_002770 0.9854 695.8418 219.1697 695.6114 259.9776 659.7444 259.7751 659.9748 218.9672
v2_frame_001160 0.9960 723.5585 305.6166 755.8467 354.3394 727.0939 373.3937 694.8057 324.6709
v2_frame_001160 0.9920 727.1327 243.7395 727.4092 285.6997 690.7081 285.9415 690.4316 243.9813
v4_frame_000566 0.9998 870.2867 90.3691 831.9375 181.5674 769.7616 155.4222 808.1108 64.2239
v4_frame_000566 0.9991 345.1356 260.8516 324.6790 315.5792 207.4741 271.7694 227.9307 217.0417
v1_frame_000158 0.9976 1087.5590 418.3119 1121.1658 476.0667 1078.8635 500.6819 1045.2567 442.9271
v4_frame_000166 1.0000 615.4337 112.5473 676.0676 194.6900 609.3200 243.9600 548.6861 161.8173
v4_frame_000288 1.0000 570.0564 322.1429 570.2853 386.3508 493.4408 386.6248 493.2119 322.4169
v2_frame_001010 0.9723 666.4157 265.6289 665.1641 307.1032 632.3411 306.1126 633.5927 264.6383
v2_frame_001010 0.9723 641.0397 303.6340 646.0118 345.5032 613.1627 349.4041 608.1906 307.5349
v4_frame_000061 0.9814 363.8461 176.5457 329.0175 217.6881 185.5827 96.2652 220.4113 55.1228
v4_frame_000654 1.0000 394.8513 323.8819 393.4673 389.4275 267.1336 386.7599 268.5176 321.2144
v1_frame_001532 1.0000 943.9317 321.2918 951.8662 361.4131 872.9318 377.0234 864.9973 336.9020
v5_frame_000140 1.0000 1205.7333 217.9348 1207.1344 287.4696 1042.5893 290.7850 1041.1882 221.2502
v5_frame_000140 0.9999 660.0570 399.3419 693.6914 462.9105 616.2847 503.8667 582.6503 440.2981
v4_frame_000091 0.9872 362.5224 174.4456 326.4783 216.8236 187.3579 98.4966 223.4020 56.1185
v4_frame_000091 0.9748 166.3066 316.2123 169.1787 366.7007 43.0154 373.8778 40.1433 323.3894
v4_frame_000054 0.9877 363.7794 173.3875 328.5264 217.5368 176.9681 96.5182 212.2211 52.3689
v2_frame_002550 0.9982 741.4648 335.2642 741.4045 383.6120 686.3083 383.5433 686.3686 335.1955
v2_frame_002550 0.9945 633.6938 246.6018 616.9210 285.1260 580.0140 269.0574 596.7868 230.5331
v4_frame_000754 1.0000 459.9626 311.9930 456.3478 389.1430 345.3066 383.9403 348.9214 306.7903
v4_frame_000376 0.9996 751.5316 98.2045 738.0136 220.6116 675.7396 213.7344 689.2576 91.3273
v4_frame_000376 0.9994 595.5120 353.5218 595.3231 385.6256 494.5806 385.0327 494.7696 352.9290
v4_frame_000120 1.0000 176.2545 287.7763 190.2120 349.1393 75.5834 375.2126 61.6259 313.8496
v2_frame_002340 0.9994 877.3826 370.5298 865.2852 410.6995 798.2442 390.5096 810.3416 350.3399
v2_frame_002340 0.9522 345.6039 223.1331 337.5593 251.8237 251.6076 227.7237 259.6522 199.0331
v4_frame_000578 1.0000 369.4092 330.1750 360.1467 395.9593 224.1589 376.8121 233.4214 311.0278
v4_frame_000578 0.9999 871.5351 90.0285 832.3976 181.1954 770.8167 154.7590 809.9542 63.5920
v4_frame_000096 1.0000 358.0216 178.7532 311.5732 241.7125 168.9577 136.4978 215.4061 73.5384
v4_frame_000096 0.8230 151.9654 315.0490 151.7772 353.6547 40.3344 353.1116 40.5225 314.5058
v4_frame_000117 0.9999 176.0932 286.2045 183.1632 343.9621 65.9676 358.3078 58.8977 300.5501
v4_frame_000329 1.0000 588.5297 333.1158 584.0065 387.7099 499.3945 380.6997 503.9177 326.1055
v4_frame_000329 0.9979 992.9585 189.8391 1013.8608 240.0776 899.4339 287.6864 878.5315 237.4479
v4_frame_000678 1.0000 418.7388 308.5681 418.0997 386.2536 304.6077 385.3200 305.2468 307.6344
v4_frame_000059 0.9800 363.8844 173.1795 329.1073 215.6797 183.2534 96.3302 218.0305 53.8300
v2_frame_005060 0.9980 394.4469 165.1264 375.5094 200.2127 285.1438 151.4387 304.0813 116.3524
v2_frame_005060 0.9783 357.7790 197.6841 347.0173 232.1881 253.7969 203.1128 264.5586 168.6088
v4_frame_000089 0.9863 362.4063 172.7289 327.5556 214.4755 187.1492 97.2622 221.9999 55.5156
v4_frame_000089 0.9622 167.3834 316.9073 170.1629 365.0063 43.5697 372.3218 40.7902 324.2228
v5_frame_000043 0.9920 1030.1365 175.9503 1052.7613 222.8254 901.5757 295.7968 878.9509 248.9217
v4_frame_000168 1.0000 637.1796 109.7830 696.4323 189.5610 632.3200 237.1786 573.0672 157.4006
v4_frame_000579 1.0000 376.2110 331.4172 367.7640 397.7230 231.7010 380.3892 240.1481 314.0834
v4_frame_000579 0.9999 871.5177 91.5701 831.6428 181.5526 770.1278 154.2928 810.0028 64.3103
v1_frame_001529 1.0000 952.8749 309.2324 961.9659 352.2225 872.3922 371.1644 863.3011 328.1743
v5_frame_000042 0.9885 1015.4925 179.6993 1038.2516 225.1805 898.3890 295.1685 875.6299 249.6873
v5_frame_000144 1.0000 1170.0995 209.5842 1172.0919 273.8531 1025.3942 278.4009 1023.4018 214.1320
v5_frame_000144 0.9998 597.4270 408.7836 635.7778 485.3741 566.8978 519.8640 528.5471 443.2735
v4_frame_000414 0.9999 739.7704 165.1600 736.3193 274.8649 673.6815 272.8944 677.1326 163.1896
v4_frame_000414 0.9996 580.4511 352.1623 579.9807 385.0964 500.3802 383.9594 500.8507 351.0253
v4_frame_000353 1.0000 591.0429 319.3662 590.3494 382.1667 519.6850 381.3864 520.3784 318.5859
v4_frame_000353 1.0000 765.4407 129.5747 765.1281 219.9759 689.1381 219.7132 689.4507 129.3120
v2_frame_002990 0.9988 650.6993 223.5720 650.0923 267.1914 611.4293 266.6534 612.0363 223.0340
v2_frame_002990 0.9639 594.2125 259.3927 605.9643 303.8612 563.5236 315.0771 551.7718 270.6086
v4_frame_000188 0.9996 851.4338 124.9561 780.4261 223.2376 725.6433 183.6574 796.6510 85.3760
v2_frame_002280 0.9993 825.6376 361.0126 826.2171 403.8970 769.4025 404.6648 768.8229 361.7804
v2_frame_002280 0.9431 348.2494 225.1214 340.0628 255.4671 249.5877 231.0588 257.7743 200.7131
v2_frame_001770 0.9998 848.5046 288.1230 857.1784 331.0275 778.2676 346.9804 769.5939 304.0758
v2_frame_001770 0.9686 766.9490 239.7411 782.6234 262.7564 738.2399 292.9835 722.5654 269.9683
v4_frame_000020 0.9999 634.8175 112.5247 636.1403 222.6502 568.0500 223.4681 566.7272 113.3425
v4_frame_000524 0.9999 615.8303 283.9252 592.4945 341.5571 505.2086 306.2140 528.5444 248.5821
v4_frame_000160 1.0000 598.4323 179.5280 565.9770 276.9740 477.6600 247.5591 510.1154 150.1131
v4_frame_000444 1.0000 559.9423 347.6304 557.9693 388.8083 452.5266 383.7562 454.4996 342.5783
v4_frame_000444 0.9998 770.7572 199.8424 746.1552 296.2444 673.8777 277.7990 698.4797 181.3970
v4_frame_000310 0.9995 478.0812 311.9169 471.1463 377.0891 351.7115 364.3802 358.6464 299.2080
v4_frame_000218 0.9997 284.2315 261.9010 284.6053 333.5985 190.3486 334.0899 189.9747 262.3924
v4_frame_000094 0.9995 361.9051 179.8440 319.2539 230.0475 184.2011 115.3113 226.8523 65.1078
v4_frame_000094 0.9930 169.9538 312.9555 170.4969 362.0335 52.5899 363.3383 52.0468 314.2604
v2_frame_000870 0.9993 573.7626 314.0193 574.2253 354.7026 533.9431 355.1608 533.4804 314.4774
v2_frame_000870 0.9935 598.9417 274.2102 582.9540 302.1467 546.2126 281.1201 562.2003 253.1836
v4_frame_000359 1.0000 598.0272 343.8926 598.1148 385.4539 520.8343 385.6168 520.7467 344.0555
v4_frame_000359 0.9999 780.4844 112.7694 779.3001 210.7477 696.0989 209.7420 697.2832 111.7637
v2_frame_001370 0.9988 782.8742 298.9041 782.6089 339.7469 716.8688 339.3198 717.1341 298.4771
v2_frame_001370 0.9803 742.6923 234.7673 758.7492 255.4047 714.8399 289.5684 698.7830 268.9310
v4_frame_000332 1.0000 585.3370 321.1184 584.8929 383.4863 510.0455 382.9534 510.4895 320.5855
v4_frame_000332 0.9999 950.7386 147.5328 985.3466 205.8748 868.2464 275.3378 833.6383 216.9958
v2_frame_001020 0.9976 684.5034 255.2685 685.3735 296.7800 648.1825 297.5596 647.3124 256.0481
v2_frame_001020 0.9934 661.2553 315.5799 640.5712 350.7966 608.0885 331.7183 628.7726 296.5016
v2_frame_003390 0.9793 619.5122 197.7914 630.0652 255.0138 600.5074 260.4649 589.9544 203.2425
v2_frame_003390 0.9618 553.0835 266.9548 568.8228 327.1695 528.8020 337.6304 513.0626 277.4157
v4_frame_000440 1.0000 559.8020 347.8163 557.8575 387.4356 451.4775 382.2146 453.4219 342.5952
v4_frame_000440 1.0000 741.7924 246.1380 741.7954 339.1845 673.7245 339.1868 673.7214 246.1403
v4_frame_000673 1.0000 416.0685 309.7044 415.5151 385.9751 301.0618 385.1447 301.6152 308.8740
v2_frame_003920 0.9993 454.4263 294.9681 429.5079 332.3610 351.8781 280.6289 376.7965 243.2360
v2_frame_004340 0.9885 351.8601 276.1567 327.7264 308.1569 269.9381 264.5745 294.0718 232.5743
v2_frame_004340 0.9210 324.2256 201.6126 312.7610 228.6849 228.6911 193.0831 240.1557 166.0107
v2_frame_001970 0.9915 876.9248 365.0502 876.6411 413.6684 818.6377 413.3299 818.9214 364.7118
v2_frame_001970 0.9859 781.9029 365.7816 773.5597 414.5101 743.3669 409.3405 751.7102 360.6120
v1_frame_000204 0.9963 1086.3914 417.7563 1120.6499 476.5752 1079.3223 500.6461 1045.0638 441.8272
v2_frame_005560 0.9996 492.3190 95.1832 526.0894 162.6059 495.3367 178.0092 461.5663 110.5866
v2_frame_005560 0.9987 475.1835 184.1160 457.7990 218.2917 400.9851 189.3917 418.3696 155.2160
v5_frame_000013 0.9999 785.6116 161.1865 834.8248 218.0231 745.4458 295.4139 696.2325 238.5773
v2_frame_002140 0.9945 869.1169 370.4914 881.6944 403.3047 816.9138 428.1355 804.3363 395.3222
v2_frame_002140 0.9883 344.7626 238.0112 336.0066 271.2077 239.3019 245.7006 248.0579 212.5042
v1_frame_000242 0.9893 1178.4798 375.4289 1179.3225 428.5675 1055.8165 430.5261 1054.9739 377.3874
v1_frame_000269 0.9800 1205.2877 288.7015 1209.9250 327.3776 1082.5289 342.6526 1077.8916 303.9765
v4_frame_000298 1.0000 570.1768 320.7158 570.2397 385.1828 491.3292 385.2598 491.2663 320.7928
v4_frame_000720 0.9999 669.7897 184.3381 625.0766 249.1714 554.7341 200.6588 599.4473 135.8255
v4_frame_000263 1.0000 576.7600 320.1529 575.3113 387.8755 479.0218 385.8158 480.4705 318.0932
v4_frame_000263 1.0000 1017.4031 315.4077 1029.7456 388.9420 902.0414 410.3768 889.6989 336.8425
v4_frame_000766 1.0000 439.9747 310.8779 441.4340 385.6606 310.9610 388.2067 309.5017 313.4240
v4_frame_000514 1.0000 598.3335 336.7669 581.7392 387.9389 493.8440 359.4359 510.4383 308.2639
v4_frame_000514 0.9932 940.8191 83.1502 970.3800 131.0939 863.9581 196.7110 834.3971 148.7673
v4_frame_000149 0.9999 462.8864 239.7429 489.8905 328.2811 372.6537 364.0382 345.6496 275.5000
v4_frame_000436 1.0000 561.2468 346.6987 560.8389 386.7550 455.1238 385.6782 455.5318 345.6219
v4_frame_000436 0.9999 742.0272 302.0926 742.3741 378.6488 680.4137 378.9296 680.0669 302.3733
v2_frame_001180 0.9974 743.3146 300.9270 757.4183 349.9660 716.9726 361.5983 702.8689 312.5592
v2_frame_001180 0.9958 728.4249 243.4645 729.0175 286.0612 690.0276 286.6036 689.4350 244.0069
v5_frame_000177 1.0000 1106.3945 201.8256 1111.5724 286.1218 940.3603 296.6385 935.1824 212.3423
v5_frame_000177 0.9997 659.4483 365.4311 693.0089 430.4030 629.7195 463.0944 596.1590 398.1225
v2_frame_003430 0.9998 595.3752 325.6900 561.2331 364.9717 514.8547 324.6613 548.9968 285.3796
v2_frame_003430 0.9916 603.7405 200.4683 611.4045 256.9639 580.4524 261.1628 572.7884 204.6671
v1_frame_000244 0.9958 1183.2073 372.6632 1180.5589 425.7051 1054.6041 419.4163 1057.2525 366.3745
v2_frame_004750 0.9254 355.5368 204.4773 342.1721 236.2358 262.5865 202.7444 275.9512 170.9859
v4_frame_000472 1.0000 561.6608 338.3993 561.8950 385.9307 456.1407 386.4517 455.9065 338.9204
v4_frame_000472 1.0000 1071.9567 351.8116 1069.8210 423.7946 936.8476 419.8495 938.9832 347.8664
v4_frame_000127 1.0000 230.4341 299.3730 233.6923 359.1635 97.0823 366.6079 93.8240 306.8175
v4_frame_000417 1.0000 581.2018 352.4591 580.0765 387.4309 485.3961 384.3843 486.5214 349.4125
v4_frame_000417 1.0000 737.5651 201.9781 737.5761 281.4349 673.5812 281.4438 673.5702 201.9870
v2_frame_002650 0.9966 746.0101 220.8182 717.3898 271.4541 688.7168 255.2477 717.3370 204.6117
v2_frame_002650 0.9878 688.3091 256.2195 698.0458 315.1195 664.2794 320.7014 654.5426 261.8014
v1_frame_000198 0.9966 1086.5033 417.7628 1120.8806 476.4663 1079.5122 500.6919 1045.1349 441.9884
v2_frame_005310 0.9998 431.5857 149.2842 416.0013 182.9641 328.2387 142.3544 343.8231 108.6745
v2_frame_005310 0.9754 396.5051 209.8635 380.0735 235.5107 322.0958 198.3656 338.5274 172.7184
v2_frame_005890 0.9846 561.6690 105.2048 593.6637 183.0189 560.3475 196.7175 528.3527 118.9034
v2_frame_005890 0.9395 516.5633 149.8733 549.7908 199.9584 526.9091 215.1386 493.6817 165.0534
v1_frame_000227 0.8672 1161.0420 438.9386 1158.6123 490.0206 1051.7187 484.9362 1054.1485 433.8542
v4_frame_000753 1.0000 464.2458 311.8947 460.4687 388.3799 352.4889 383.0475 356.2660 306.5624
v1_frame_001497 0.9908 1092.0414 221.0715 1103.1340 253.0197 1004.9520 287.1092 993.8594 255.1610
v4_frame_000225 1.0000 355.4615 260.2417 356.1494 337.7562 258.3482 338.6241 257.6603 261.1096
v5_frame_000000 0.9998 585.0245 175.6130 635.9013 258.6273 566.2227 301.3310 515.3460 218.3166
v4_frame_000212 0.9999 231.1812 262.0705 228.8633 330.1715 134.3288 326.9539 136.6468 258.8528
v4_frame_000732 0.9999 506.4532 163.7430 486.3653 236.3522 369.7278 204.0835 389.8157 131.4743
v5_frame_000021 0.9994 913.2954 151.4073 951.2305 204.2221 846.8045 279.2278 808.8694 226.4130
v4_frame_000674 1.0000 415.0268 309.3358 414.6781 385.8310 301.8459 385.3166 302.1946 308.8213
v2_frame_004210 0.9977 386.8608 272.3977 372.7131 309.4992 281.9127 274.8749 296.0604 237.7734
v1_frame_001486 0.9940 1169.2807 179.3037 1184.2919 222.5103 1060.5856 265.4892 1045.5745 222.2826
v4_frame_000156 1.0000 519.0259 181.8974 558.9004 289.6716 471.8275 321.8870 431.9530 214.1128
v4_frame_000562 0.9999 404.0064 211.5897 379.6186 273.6065 243.5396 220.0942 267.9274 158.0774
v4_frame_000562 0.9997 870.7635 90.8206 831.8604 183.4744 768.0713 156.6909 806.9744 64.0371
v2_frame_004560 0.9034 291.9267 238.2285 289.9667 275.9742 176.9648 270.1064 178.9249 232.3607
v1_frame_000001 0.9986 1084.2356 414.3735 1122.1557 475.0364 1081.5376 500.4266 1043.6175 439.7637
v4_frame_000602 1.0000 381.4180 324.1775 373.5668 396.6070 248.7337 383.0755 256.5849 310.6459
v4_frame_000602 0.9968 906.8162 48.8362 954.1692 107.8908 851.5707 190.1595 804.2177 131.1049
v4_frame_000047 0.9927 368.4674 174.8189 332.1760 218.6690 184.0125 96.0456 220.3038 52.1954
v2_frame_003040 0.9918 646.6930 231.2615 649.1368 272.4877 613.1196 274.6227 610.6758 233.3965
v2_frame_003040 0.9205 612.6244 288.2016 591.5348 317.9732 545.6578 285.4748 566.7474 255.7032
v4_frame_000211 0.9998 222.8431 262.7323 219.9170 331.5485 128.6573 327.6681 131.5834 258.8518
v5_frame_000038 0.9926 1000.0888 184.0363 1020.8556 229.0915 891.4188 288.7513 870.6521 243.6961
v2_frame_004500 0.9945 290.3287 230.2888 286.6719 270.7249 182.7116 261.3232 186.3685 220.8870
v2_frame_004500 0.9596 307.1241 222.1650 298.7302 260.5466 212.5487 241.6991 220.9426 203.3174
v2_frame_004500 0.9480 313.0370 218.5208 303.9606 250.4862 230.8113 229.7159 239.8877 197.7505
v2_frame_002710 0.9539 669.4074 230.2052 691.4932 254.7472 648.6206 293.3290 626.5348 268.7869
v5_frame_000004 1.0000 645.9541 180.6888 698.5544 253.7643 624.6509 306.9606 572.0506 233.8851
v4_frame_000696 1.0000 520.9471 314.3235 521.1874 384.4306 420.4718 384.7759 420.2314 314.6688
v2_frame_000360 1.0000 435.7906 318.2785 436.1809 369.1014 369.5080 369.6134 369.1178 318.7904
v2_frame_000360 0.9873 346.2352 306.8803 346.7120 336.4052 258.3174 337.8328 257.8406 308.3079
v2_frame_000480 0.9932 454.1733 281.0474 446.3626 312.3615 367.4350 292.6745 375.2457 261.3604
v2_frame_001680 0.9995 859.2801 282.7010 864.1833 317.3462 789.8867 327.8612 784.9835 293.2159
v2_frame_001680 0.9884 807.9907 205.0357 823.3487 229.5764 766.1307 265.3845 750.7727 240.8438
v4_frame_000509 1.0000 609.8884 335.3874 609.3282 385.8857 508.5460 384.7678 509.1061 334.2695
v4_frame_000509 0.9990 970.3495 159.5932 991.4447 205.6703 878.5568 257.3532 857.4616 211.2761
v2_frame_004090 0.9949 394.6072 264.4515 385.7666 308.0043 283.4409 287.2336 292.2815 243.6808
v2_frame_003460 0.9998 594.8893 324.9090 560.5853 364.6731 514.2757 324.7223 548.5797 284.9582
v2_frame_003460 0.9926 603.0295 200.1368 610.8516 255.6687 580.1214 259.9973 572.2993 204.4654
v2_frame_000410 0.9999 499.9702 318.5025 500.9475 363.6177 431.5385 365.1212 430.5612 320.0060
v2_frame_000410 0.9304 409.2664 286.8102 407.8579 319.3467 299.3682 314.6504 300.7767 282.1139
v5_frame_000179 1.0000 1106.8870 204.6595 1112.6334 289.9317 945.6141 301.1869 939.8677 215.9146
v5_frame_000179 1.0000 661.7789 347.9772 697.6167 414.9499 641.1579 445.1616 605.3201 378.1889
v2_frame_005960 0.9948 623.1820 111.8545 623.4855 163.7335 582.0835 163.9757 581.7800 112.0967
v2_frame_005960 0.9926 545.6247 149.6571 573.0315 191.0894 544.1683 210.1820 516.7615 168.7497
v2_frame_001730 0.9993 844.3458 284.6485 857.3231 325.4720 782.4435 349.2752 769.4663 308.4518
v2_frame_001730 0.8966 767.6498 245.1644 779.6767 268.0536 735.7355 291.1421 723.7085 268.2529
v4_frame_000469 1.0000 560.8079 340.8422 560.6614 385.3173 454.0920 384.9664 454.2385 340.4913
v4_frame_000469 1.0000 1054.4796 291.9714 1068.8673 357.6990 927.3728 388.6721 912.9851 322.9445
v5_frame_000169 1.0000 1098.5341 196.5452 1104.4934 266.6543 943.6692 280.3242 937.7099 210.2151
v5_frame_000169 0.9999 659.9076 399.3681 696.8939 464.5256 613.4235 511.9070 576.4373 446.7496
v4_frame_000484 1.0000 560.3805 339.7554 560.4088 384.7835 456.6623 384.8486 456.6340 339.8205
v4_frame_000484 0.9997 1031.9459 505.9366 1001.3853 569.9723 855.5029 500.3510 886.0635 436.3152
v4_frame_000315 0.9999 965.9621 412.2445 938.7625 481.9908 837.6522 442.5599 864.8518 372.8136
v4_frame_000315 0.9996 475.1108 322.0287 463.1925 378.7650 337.2444 352.3077 349.1627 295.5714
v2_frame_005120 0.9939 384.6904 159.2168 367.0446 193.5116 275.0855 146.1955 292.7313 111.9007
v5_frame_000159 1.0000 1106.8741 200.4388 1111.3142 268.7209 947.6835 279.3613 943.2433 211.0792
v5_frame_000159 0.9998 615.1698 417.8857 651.1350 494.4969 575.2380 530.1268 539.2728 453.5155
v5_frame_000221 1.0000 1108.4266 203.2606 1114.4334 271.6900 960.9583 285.1621 954.9515 216.7327
v5_frame_000221 1.0000 662.9171 375.9910 698.1466 463.4220 622.4048 493.9415 587.1753 406.5106
v1_frame_000205 0.9966 1085.8397 417.9386 1121.2932 476.4866 1080.5255 501.1733 1045.0720 442.6253
v4_frame_000565 0.9999 871.2828 88.7645 832.4316 181.4441 769.7348 155.1617 808.5860 62.4821
v4_frame_000565 0.9976 354.9946 251.9203 333.7989 302.7505 213.0221 252.3877 234.2177 201.5576
v2_frame_000970 0.9963 597.6206 301.3987 603.8251 351.1217 568.8501 355.4860 562.6456 305.7630
v2_frame_000970 0.9728 629.0243 265.9612 623.9255 301.2620 585.6049 295.7269 590.7037 260.4262
v5_frame_000120 0.9999 699.0486 405.6142 739.7430 483.4625 671.6180 519.0741 630.9236 441.2259
v5_frame_000228 1.0000 1117.4013 202.4300 1124.4207 267.8620 961.0660 285.3862 954.0467 219.9543
v5_frame_000228 0.9996 664.1079 407.7409 662.0409 509.6040 591.3889 508.1703 593.4560 406.3072
v2_frame_001580 0.9970 902.7692 318.3819 903.7554 359.2975 847.4290 360.6552 846.4428 319.7396
v2_frame_001580 0.9834 849.6924 228.7392 863.1394 251.0784 812.7251 281.4251 799.2781 259.0859
v5_frame_000003 1.0000 638.3717 176.6211 691.0639 260.3951 616.7275 307.1511 564.0354 223.3772
v4_frame_000648 1.0000 389.9550 323.2242 386.7514 392.1204 255.3959 386.0125 258.5994 317.1163
v2_frame_004880 0.9956 303.6352 214.5970 289.8833 250.2463 194.8463 213.5854 208.5981 177.9361
v2_frame_004740 0.9361 345.7543 212.8072 332.3529 244.9138 248.1147 209.7523 261.5161 177.6458
v4_frame_000276 0.9999 574.3665 322.4768 574.4724 386.8677 492.0049 387.0033 491.8990 322.6123
v1_frame_000027 0.9967 1084.4341 417.8366 1121.2156 477.2618 1079.7861 502.9048 1043.0046 443.4795
v2_frame_003980 0.9760 413.8633 243.4328 412.6995 289.1971 339.5896 287.3381 340.7533 241.5737
v2_frame_003980 0.9211 371.7539 302.4832 365.0226 328.6341 280.6731 306.9224 287.4044 280.7715
v4_frame_000558 1.0000 451.2688 193.3868 423.6796 256.1216 283.4229 194.4402 311.0121 131.7053
v4_frame_000558 0.9992 869.5152 98.8119 813.1255 198.3236 751.6903 163.5105 808.0800 63.9987
v2_frame_000000 0.9855 262.8604 376.3280 264.9684 413.5655 157.9878 419.6217 155.8797 382.3843
v2_frame_000290 0.9999 417.6321 318.1881 417.4459 367.5822 344.3333 367.3066 344.5194 317.9125
v2_frame_000290 0.9854 346.0625 308.7557 345.8354 338.9578 255.1994 338.2764 255.4264 308.0743
v2_frame_002910 0.9988 644.3964 221.2113 644.8311 266.7156 606.9269 267.0778 606.4922 221.5734
v2_frame_002910 0.9858 570.2587 251.0639 611.7724 296.9626 586.0727 320.2071 544.5589 274.3084
v2_frame_001000 0.9963 640.8070 257.3481 641.6674 296.2827 606.4622 297.0607 605.6017 258.1261
v2_frame_001000 0.9827 637.3641 308.1956 638.4416 351.0534 602.5975 351.9546 601.5201 309.0968
v2_frame_003030 0.9984 649.0776 223.1405 651.2538 268.3120 614.4994 270.0827 612.3232 224.9112
v2_frame_003030 0.9585 610.0259 279.4895 593.3629 314.5403 546.5170 292.2700 563.1799 257.2192
v4_frame_000633 1.0000 383.6158 323.3108 380.0597 394.1734 255.4810 387.9216 259.0371 317.0590
v4_frame_000701 1.0000 570.3209 308.7265 569.7297 375.1343 494.7766 374.4672 495.3677 308.0593
v4_frame_000510 1.0000 607.5736 336.5613 606.1977 385.9986 502.1212 383.1020 503.4971 333.6647
v4_frame_000510 0.9983 959.6546 138.7311 988.1477 187.3129 876.0751 253.0432 847.5820 204.4614
v1_frame_001504 0.9956 1035.7642 254.5717 1049.3457 286.9255 959.0135 324.8452 945.4320 292.4915
v2_frame_004820 0.8876 341.8190 209.4266 327.1983 243.8571 238.8473 206.3392 253.4680 171.9088
v2_frame_004820 0.8492 301.9728 231.4949 289.3265 262.0813 193.6932 222.5405 206.3396 191.9540
v1_frame_000154 0.9975 1086.9476 418.0664 1121.4214 476.1829 1079.4166 501.0995 1044.9429 442.9830
v2_frame_005800 0.9993 559.2111 100.5277 574.5423 163.6723 534.0780 173.4968 518.7468 110.3522
v2_frame_005800 0.9807 488.7977 152.0369 523.7763 194.7095 501.0698 213.3219 466.0912 170.6493
v2_frame_003970 0.9632 409.8171 278.3514 392.5609 306.8310 311.6152 257.7850 328.8714 229.3054
v2_frame_003970 0.8572 378.3732 304.9125 370.7196 332.5153 281.2244 307.7004 288.8780 280.0977
v5_frame_000014 0.9987 796.4546 158.0793 839.7966 207.1285 754.1177 282.8382 710.7757 233.7890
v1_frame_001496 0.9790 1095.8332 220.9605 1105.3759 253.8433 1003.6957 283.3514 994.1529 250.4686
v1_frame_001517 1.0000 980.0072 280.2967 1001.3585 323.4834 914.4029 366.4738 893.0516 323.2871
v4_frame_000489 1.0000 563.3091 339.2058 563.0813 385.5747 460.4484 385.0705 460.6762 338.7016
v4_frame_000489 0.9984 989.6649 480.0285 973.5990 539.9629 846.6146 505.9235 862.6806 445.9891
v2_frame_006310 0.9866 800.2657 168.4891 789.2591 223.0816 754.3308 216.0396 765.3374 161.4470
v4_frame_000143 1.0000 411.1603 278.2310 422.0826 358.5818 275.0128 378.5734 264.0905 298.2226
v2_frame_006110 0.9946 632.2959 151.1259 633.3978 198.9181 600.7325 199.6713 599.6306 151.8791
v2_frame_006110 0.8363 693.9463 150.5046 693.8470 201.8545 658.5137 201.7862 658.6130 150.4363
v5_frame_000050 0.9969 1132.0789 151.8927 1158.9950 213.2231 975.6611 293.6829 948.7450 232.3525
v4_frame_000027 0.9997 485.3397 94.1094 557.3196 206.0074 497.8565 244.2578 425.8766 132.3598
v2_frame_003860 0.9806 463.9824 206.0580 449.2671 228.6243 390.0322 189.9977 404.7475 167.4314
v2_frame_003860 0.9758 384.4366 226.6199 424.7432 284.0526 387.0258 310.5229 346.7192 253.0901
v5_frame_000048 1.0000 1094.7096 161.9860 1123.2835 237.4673 950.0016 303.0642 921.4276 227.5829
v2_frame_001560 0.9752 905.7857 327.2292 906.4328 365.2996 845.8566 366.3293 845.2095 328.2589
v2_frame_001560 0.9558 847.5276 228.7244 859.9656 248.0693 812.3785 278.6659 799.9404 259.3210
v4_frame_000050 0.9806 362.8504 173.1757 328.1339 216.6712 177.2152 96.2134 211.9317 52.7179
v1_frame_000153 0.9975 1086.9476 418.0664 1121.4214 476.1829 1079.4166 501.0995 1044.9429 442.9830
v2_frame_004720 0.8019 336.1670 248.8362 323.0657 277.8234 234.9940 238.0180 248.0953 209.0308
v4_frame_000487 1.0000 560.5787 339.5136 560.5662 384.3999 457.7561 384.3714 457.7686 339.4851
v4_frame_000487 0.9990 1006.0041 506.2431 975.7995 562.5090 846.3752 493.0315 876.5797 436.7657
v2_frame_003470 0.9999 595.0276 325.7523 560.0797 364.7958 513.4879 323.0915 548.4359 284.0479
v2_frame_003470 0.9923 604.9936 201.0372 608.0687 256.9707 577.2121 258.6672 574.1370 202.7337
v4_frame_000605 1.0000 381.7523 327.3236 373.4876 397.1177 248.0029 382.2583 256.2676 312.4643
v4_frame_000605 0.9799 944.2280 29.3496 986.9131 78.3941 865.9682 183.6565 823.2831 134.6120
v2_frame_003360 0.9992 598.8379 302.2161 590.8466 353.5111 538.1176 345.2964 546.1090 294.0014
v2_frame_003360 0.9900 655.8603 193.9068 657.6412 253.7891 626.6714 254.7101 624.8904 194.8278
v2_frame_001670 0.9962 894.9288 285.2029 898.7784 329.0442 817.7825 336.1563 813.9329 292.3150
v2_frame_001670 0.9677 840.6659 251.1681 848.1847 279.4892 785.8915 296.0271 778.3727 267.7059
v2_frame_002810 0.9969 614.8065 235.8471 640.9074 290.7881 603.2128 308.6957 577.1120 253.7547
v2_frame_002810 0.9890 684.6429 229.5085 689.5508 267.4577 647.7805 272.8598 642.8726 234.9105
v4_frame_000073 0.9796 363.1931 172.3978 327.5583 215.5146 181.0024 94.3905 216.6372 51.2737
v4_frame_000200 0.9999 889.6725 116.1065 823.9554 201.3878 769.8832 159.7203 835.6003 74.4390
v4_frame_000200 0.9999 192.2616 262.7688 184.5022 329.4208 92.7975 318.7450 100.5568 252.0929
v2_frame_005780 0.9988 530.9651 95.4606 547.7115 159.7997 509.5293 169.7379 492.7829 105.3988
v2_frame_005780 0.9897 467.4837 150.2687 507.8475 198.0263 484.9252 217.3998 444.5614 169.6421
v4_frame_000724 1.0000 618.6869 173.4072 574.0841 238.2240 484.3463 176.4723 528.9491 111.6554
v4_frame_000693 1.0000 512.2318 315.0771 510.3169 388.0266 378.8735 384.5763 380.7883 311.6268
v5_frame_000047 0.9998 1081.5134 163.5017 1113.9104 255.9237 927.1949 321.3736 894.7979 228.9516
v1_frame_001505 0.9980 1033.7586 254.5323 1048.0757 286.3631 958.6751 326.5745 944.3580 294.7438
v5_frame_000034 0.9699 1031.1795 173.1228 1052.2090 222.8030 887.4886 292.5288 866.4591 242.8487
v4_frame_000056 0.9852 363.0780 173.8009 327.7920 217.3060 179.0320 96.6504 214.3180 53.1452
v4_frame_000277 0.9999 573.7216 321.9966 573.9169 386.3266 491.7631 386.5759 491.5679 322.2459
v4_frame_000745 0.9992 435.8004 287.0704 434.8994 352.8270 325.5913 351.3291 326.4924 285.5726
v4_frame_000227 1.0000 377.4120 259.1838 377.9887 337.9560 278.6789 338.6830 278.1022 259.9108
v2_frame_001230 0.9907 730.0422 246.8455 728.4011 285.7425 689.9116 284.1186 691.5528 245.2216
v2_frame_001230 0.9698 715.6222 327.7900 700.3358 359.3122 648.3963 334.1247 663.6827 302.6024
v4_frame_000769 1.0000 465.2958 306.0341 466.0066 382.8962 330.9329 384.1455 330.2220 307.2834
v1_frame_000247 0.9971 1186.5393 354.8062 1187.0329 407.2412 1058.8672 408.4476 1058.3736 356.0127
v5_frame_000127 1.0000 691.8566 383.0051 718.1208 440.8798 651.3583 471.1773 625.0942 413.3026
v4_frame_000350 1.0000 590.8022 318.9147 589.7192 382.6948 519.4657 381.5019 520.5487 317.7217
v4_frame_000350 1.0000 779.5861 124.0621 767.7974 224.6718 682.6434 214.6941 694.4322 114.0844
v2_frame_002520 0.9968 770.9215 343.9945 769.9573 389.7743 716.4026 388.6463 717.3668 342.8665
v2_frame_002520 0.9946 536.5554 245.0752 517.3815 272.1897 457.8307 230.0787 477.0046 202.9642
v2_frame_003490 0.9997 571.8195 319.5492 541.1626 356.2335 493.5947 316.4813 524.2515 279.7970
v2_frame_003490 0.9885 607.7796 201.2530 609.6404 256.9822 581.1725 257.9328 579.3116 202.2036
v2_frame_005630 0.9999 526.4886 123.9384 545.3361 191.6105 503.8106 203.1759 484.9631 135.5037
v2_frame_005630 0.9875 492.9302 176.6269 475.1141 212.7624 429.1034 190.0776 446.9194 153.9420
v5_frame_000197 1.0000 1120.3861 203.5625 1127.2158 268.9507 961.1667 286.2943 954.3370 220.9060
v5_frame_000197 0.9997 614.4752 176.1275 654.5349 259.9603 592.1670 289.7630 552.1073 205.9301
v2_frame_001400 0.9999 811.7555 296.7662 811.7649 338.1283 741.2913 338.1443 741.2819 296.7822
v2_frame_001400 0.9764 740.6358 236.1460 756.1548 259.4543 708.8223 290.9690 693.3033 267.6607
v2_frame_005710 0.9926 543.4727 186.0177 522.7578 229.4923 457.2215 198.2653 477.9364 154.7907
v2_frame_005710 0.9003 513.3633 192.8144 491.6575 221.0984 437.7472 179.7265 459.4530 151.4425
v4_frame_000378 0.9999 742.2479 95.9420 732.9982 217.3507 672.1863 212.7176 681.4361 91.3089
v4_frame_000378 0.9991 596.2040 354.2781 595.8827 385.8982 495.4924 384.8782 495.8137 353.2581
v4_frame_000177 1.0000 769.9760 108.2872 748.3688 220.5124 668.1228 205.0623 689.7300 92.8372
v5_frame_000244 1.0000 578.6003 350.1452 626.1679 399.5511 572.3848 451.3331 524.8172 401.9271
v5_frame_000244 1.0000 1099.6041 217.4094 1107.8626 286.4891 964.7682 303.5960 956.5097 234.5164
v4_frame_000092 0.9894 362.2736 175.2003 327.4710 216.9651 186.9003 99.8274 221.7029 58.0626
v4_frame_000092 0.9211 176.6946 318.8408 178.0250 365.5663 50.9273 369.1851 49.5969 322.4596
v4_frame_000294 1.0000 570.1028 323.2648 570.4361 385.2838 490.8355 385.7116 490.5022 323.6926
v4_frame_000226 1.0000 368.0227 260.6908 368.1886 338.2368 266.4726 338.4544 266.3067 260.9085
v2_frame_003760 1.0000 451.1978 246.6615 461.0799 309.9405 407.1315 318.3655 397.2493 255.0866
v2_frame_003760 0.9777 461.6179 201.4285 446.6821 228.4534 376.3204 189.5666 391.2562 162.5417
v4_frame_000543 0.9999 570.6792 139.8137 597.2932 262.0874 530.4054 276.6462 503.7914 154.3724
v4_frame_000555 1.0000 482.0395 184.2205 451.3655 247.1143 324.2663 185.1268 354.9403 122.2330
v4_frame_000555 0.9997 866.7780 104.5321 799.5075 212.5847 740.4803 175.8361 807.7509 67.7834
v4_frame_000402 1.0000 745.5143 204.3649 695.2103 261.4427 621.6904 196.6479 671.9944 139.5700
v4_frame_000402 0.9998 596.6701 354.5059 595.7444 386.8567 497.1253 384.0349 498.0509 351.6841
v1_frame_001535 1.0000 936.5071 328.5624 941.8558 372.9776 847.4986 384.3406 842.1499 339.9254
v1_frame_000237 0.9742 1172.7333 391.6688 1172.7355 433.3317 1053.2545 433.3380 1053.2523 391.6751
v2_frame_003540 0.9955 533.8494 187.3872 575.6569 232.2364 553.9374 252.4829 512.1299 207.6336
v2_frame_003540 0.9787 522.7478 270.7410 509.1459 333.2962 470.6058 324.9161 484.2077 262.3609
v4_frame_000055 0.9872 363.3794 173.4073 328.0645 217.3605 178.0187 96.8039 213.3337 52.8507
v2_frame_005660 0.9724 503.4723 141.5248 532.9758 197.8775 492.6999 218.9640 463.1964 162.6112
v2_frame_005660 0.8372 507.9093 154.4775 509.8802 199.8078 450.0457 202.4093 448.0748 157.0790
v4_frame_000667 1.0000 414.5999 313.7551 413.5484 387.3148 299.7719 385.6884 300.8234 312.1287
v4_frame_000726 0.9999 601.5653 182.2372 562.1406 247.0644 446.1709 176.5373 485.5957 111.7101
v2_frame_003880 0.9997 455.0292 293.9936 432.3049 331.4354 352.9885 283.2963 375.7128 245.8546
v4_frame_000549 1.0000 560.0303 205.6252 521.5315 256.3239 410.6290 172.1082 449.1279 121.4095
v4_frame_000549 0.9997 852.8551 95.7677 815.3049 204.4847 748.3855 181.3711 785.9357 72.6542
v1_frame_000243 0.9796 1178.4234 374.5204 1179.8123 424.9636 1056.2540 428.3656 1054.8651 377.9224
v1_frame_000014 0.9877 1084.0179 416.6614 1122.9014 476.8755 1082.8322 502.7504 1043.9487 442.5362
v5_frame_000017 1.0000 878.7044 166.4472 876.6712 270.4218 762.6411 268.1920 764.6743 164.2174
v2_frame_003250 0.9999 782.9351 316.2148 785.3408 353.5465 708.3656 358.5068 705.9599 321.1751
v2_frame_003250 0.9996 604.4658 220.3112 612.6950 266.1746 562.5033 275.1805 554.2740 229.3171
v2_frame_003250 0.9884 665.2885 206.9411 664.9223 261.3127 630.7383 261.0825 631.1045 206.7109
v1_frame_000219 0.9387 1106.9350 427.0861 1122.7672 476.2269 1064.9578 494.8519 1049.1257 445.7111
v2_frame_005590 0.9998 510.3790 95.1799 542.2313 165.6423 502.6984 183.5130 470.8461 113.0506
v2_frame_005590 0.9641 450.3207 153.3187 488.3595 197.6931 465.4358 217.3438 427.3970 172.9693
v4_frame_000053 0.9866 363.8305 173.2882 328.6382 217.2977 176.9312 95.9848 212.1235 51.9753
v5_frame_000118 0.9999 701.7629 412.2295 747.6546 503.5642 677.2521 538.9384 631.3604 447.6037
v4_frame_000641 1.0000 385.4837 325.4659 380.3576 394.0259 250.7847 384.3381 255.9108 315.7781
v4_frame_000706 1.0000 648.7741 279.4754 653.5047 356.7871 578.4409 361.3801 573.7104 284.0684
v2_frame_000950 0.9996 586.3603 309.1237 585.9235 354.4667 547.2384 354.0941 547.6752 308.7510
v2_frame_000950 0.9947 636.4208 267.2363 622.4760 304.9056 581.9362 289.8982 595.8810 252.2288
v1_frame_001520 0.9999 977.2912 288.4063 993.0608 328.3864 908.4654 361.7540 892.6958 321.7740
v2_frame_004520 0.8616 355.6644 265.2275 350.8150 293.8327 267.7507 279.7510 272.6001 251.1457
v2_frame_004520 0.8317 232.3794 255.4017 232.1681 291.3367 117.6495 290.6634 117.8607 254.7284
v4_frame_000247 0.9995 554.6495 288.6493 518.1729 357.3756 435.8016 313.6570 472.2781 244.9307
v4_frame_000247 0.9984 948.5337 44.9367 992.9708 100.1511 880.2491 190.8707 835.8120 135.6562
v2_frame_002610 0.9917 688.7458 231.7604 700.7949 271.0412 661.3969 283.1262 649.3479 243.8454
v2_frame_002610 0.9839 677.3598 287.7011 683.9567 338.2652 648.0122 342.9548 641.4153 292.3907
v5_frame_000168 1.0000 1098.9515 196.8029 1104.3501 267.5312 944.6638 279.7200 939.2651 208.9917
v5_frame_000168 1.0000 646.1826 409.9455 679.2108 477.3981 609.6489 511.4591 576.6207 444.0064
v2_frame_001540 0.9996 881.3013 271.6673 893.0329 310.3238 808.1975 336.0699 796.4660 297.4134
v4_frame_000101 1.0000 322.9837 200.3943 288.1676 263.1518 135.6143 178.5195 170.4304 115.7620
v4_frame_000308 0.9999 509.4327 328.0853 505.3356 383.9085 381.7901 374.8409 385.8873 319.0177
v5_frame_000052 0.9913 1164.3055 138.3012 1188.5673 198.2944 984.5850 280.7869 960.3232 220.7937
v4_frame_000065 0.9846 364.4317 172.6062 329.3542 215.4392 183.4104 95.9206 218.4879 53.0876
v1_frame_001536 0.9999 924.3851 327.1003 935.8407 370.5353 846.8605 394.0031 835.4049 350.5682
v4_frame_000490 1.0000 571.0176 339.6152 570.9319 386.3212 466.0313 386.1286 466.1171 339.4226
v4_frame_000490 0.9997 986.1977 468.5815 975.7300 528.7723 852.3723 507.3194 862.8400 447.1285
v2_frame_005080 0.9998 391.6586 162.5970 364.6617 202.3139 285.7189 148.6539 312.7159 108.9370
v2_frame_005080 0.9081 346.1263 209.7847 334.9751 239.2260 261.5612 211.4196 272.7124 181.9784
v4_frame_000363 0.9998 765.1693 100.7511 756.9674 215.8096 684.4402 210.6395 692.6421 95.5810
v4_frame_000363 0.9995 597.4260 351.0953 597.4621 386.2250 506.4900 386.3186 506.4538 351.1890
v4_frame_000748 1.0000 459.4315 306.1309 458.1838 373.7819 345.9087 371.7112 347.1564 304.0602
v4_frame_000257 1.0000 547.2482 316.0513 544.5567 378.8068 441.0437 374.3672 443.7353 311.6118
v4_frame_000257 0.9999 1015.2006 211.8893 1034.2648 271.8451 904.9058 312.9774 885.8417 253.0216
v4_frame_000017 1.0000 688.4810 118.4091 691.8812 229.3234 605.6344 231.9674 602.2342 121.0531
v5_frame_000212 1.0000 1113.0595 203.8652 1119.9729 268.9002 960.2521 285.8790 953.3387 220.8441
v5_frame_000212 0.9996 671.8445 308.0039 650.2877 395.7852 584.8235 379.7089 606.3803 291.9276
v4_frame_000474 1.0000 561.3969 339.5820 561.5611 385.6431 456.8931 386.0161 456.7290 339.9550
v4_frame_000474 1.0000 1073.0745 375.1630 1072.1017 455.6651 933.1770 453.9864 934.1497 373.4842
v4_frame_000455 1.0000 559.1201 342.1254 558.6502 386.1654 451.2508 385.0195 451.7207 340.9795
v4_frame_000455 0.9983 886.6534 172.8231 876.4880 238.6583 794.6925 226.0285 804.8579 160.1932
v5_frame_000018 0.9999 862.6577 141.5659 912.9363 209.3949 801.6693 291.8721 751.3907 224.0430
v4_frame_000306 0.9999 517.5850 331.3171 517.3556 385.2594 415.7645 384.8272 415.9940 330.8849
